   h    k    l      d (Å)      F(real)      F(imag)          |F|         2θ          I    M ID(λ) Phase
  -1    0    0   5.588127    -0.000000    -0.000000  4.27641e-15   15.84632    0.00000    1     1     1
   0   -1    0   5.588127     0.000000    -0.000000  4.63067e-15   15.84632    0.00000    1     1     1
   0    0    1   5.588127     0.000000     0.000000  4.92399e-15   15.84632    0.00000    1     1     1
   0    0   -1   5.588127     0.000000    -0.000000  4.73453e-15   15.84632    0.00000    1     1     1
   0    1    0   5.588127     0.000000     0.000000  5.02956e-15   15.84632    0.00000    1     1     1
   1    0    0   5.588127    -0.000000     0.000000  4.49291e-15   15.84632    0.00000    1     1     1
  -1   -1    0   3.951402    -0.000000    -0.000000  4.57968e-16   22.48269    0.00000    1     1     1
  -1    0   -1   3.951402    -0.000000    -0.000000  2.22045e-15   22.48269    0.00000    1     1     1
   0    1   -1   3.951402     0.000000     0.000000  1.33667e-15   22.48269    0.00000    1     1     1
   0    1    1   3.951402     0.000000     0.000000   1.3371e-15   22.48269    0.00000    1     1     1
   1   -1    0   3.951402    -0.000000    -0.000000  4.44097e-16   22.48269    0.00000    1     1     1
   0   -1   -1   3.951402     0.000000     0.000000  1.33228e-15   22.48269    0.00000    1     1     1
   0   -1    1   3.951402     0.000000    -0.000000  1.33227e-15   22.48269    0.00000    1     1     1
  -1    1    0   3.951402    -0.000000     0.000000  4.58828e-16   22.48269    0.00000    1     1     1
  -1    0    1   3.951402    -0.000000     0.000000  2.22309e-15   22.48269    0.00000    1     1     1
   1    0   -1   3.951402    -0.000000     0.000000  2.22309e-15   22.48269    0.00000    1     1     1
   1    0    1   3.951402    -0.000000     0.000000  2.23178e-15   22.48269    0.00000    1     1     1
   1    1    0   3.951402    -0.000000     0.000000  4.97676e-16   22.48269    0.00000    1     1     1
  -1   -1   -1   3.226306     8.410740     3.544048      9.12693   27.62608    3.41951    1     1     1
   1   -1   -1   3.226306     8.410740     3.544048      9.12693   27.62608    3.41951    1     1     1
  -1    1    1   3.226306     8.410740     3.544048      9.12693   27.62608    3.41951    1     1     1
  -1    1   -1   3.226306     8.410740     3.544048      9.12693   27.62608    3.41951    1     1     1
   1   -1    1   3.226306     8.410740     3.544048      9.12693   27.62608    3.41951    1     1     1
   1    1    1   3.226306     8.410740     3.544048      9.12693   27.62608    3.41951    1     1     1
   1    1   -1   3.226306     8.410740     3.544048      9.12693   27.62608    3.41951    1     1     1
  -1   -1    1   3.226306     8.410740     3.544048      9.12693   27.62608    3.41951    1     1     1
   0    0   -2   2.794063    57.652755     3.817228       57.779   32.00626  100.00000    1     1     1
   0   -2    0   2.794063    57.652755     3.817228       57.779   32.00626  100.00000    1     1     1
  -2    0    0   2.794063    57.652755     3.817228       57.779   32.00626  100.00000    1     1     1
   0    0    2   2.794063    57.652755     3.817228       57.779   32.00626  100.00000    1     1     1
   0    2    0   2.794063    57.652755     3.817228       57.779   32.00626  100.00000    1     1     1
   2    0    0   2.794063    57.652755     3.817228       57.779   32.00626  100.00000    1     1     1
  -2   -1    0   2.499086     0.000000    -0.000000  3.51821e-15   35.90527    0.00000    1     1     1
  -2    1    0   2.499086     0.000000     0.000000   3.5239e-15   35.90527    0.00000    1     1     1
  -1   -2    0   2.499086     0.000000    -0.000000  4.10494e-15   35.90527    0.00000    1     1     1
  -2    0    1   2.499086    -0.000000     0.000000  3.34496e-15   35.90527    0.00000    1     1     1
  -2    0   -1   2.499086    -0.000000    -0.000000   3.4622e-15   35.90527    0.00000    1     1     1
   0   -2    1   2.499086    -0.000000     0.000000  3.34496e-15   35.90527    0.00000    1     1     1
   0   -1   -2   2.499086     0.000000    -0.000000  3.51821e-15   35.90527    0.00000    1     1     1
   0   -1    2   2.499086     0.000000    -0.000000  3.51902e-15   35.90527    0.00000    1     1     1
  -1    2    0   2.499086     0.000000    -0.000000  3.91685e-15   35.90527    0.00000    1     1     1
   0   -2   -1   2.499086    -0.000000    -0.000000  3.35266e-15   35.90527    0.00000    1     1     1
  -1    0    2   2.499086     0.000000    -0.000000  3.73167e-15   35.90527    0.00000    1     1     1
  -1    0   -2   2.499086     0.000000    -0.000000  3.91612e-15   35.90527    0.00000    1     1     1
   0    1   -2   2.499086     0.000000     0.000000   3.5239e-15   35.90527    0.00000    1     1     1
   0    1    2   2.499086     0.000000     0.000000  3.73216e-15   35.90527    0.00000    1     1     1
   0    2    1   2.499086    -0.000000     0.000000  3.46048e-15   35.90527    0.00000    1     1     1
   0    2   -1   2.499086    -0.000000    -0.000000   3.4562e-15   35.90527    0.00000    1     1     1
   1    0    2   2.499086     0.000000     0.000000  3.92051e-15   35.90527    0.00000    1     1     1
   1    0   -2   2.499086     0.000000     0.000000  3.73597e-15   35.90527    0.00000    1     1     1
   1   -2    0   2.499086     0.000000     0.000000  3.92124e-15   35.90527    0.00000    1     1     1
   1    2    0   2.499086     0.000000     0.000000  4.10941e-15   35.90527    0.00000    1     1     1
   2   -1    0   2.499086     0.000000    -0.000000  3.51902e-15   35.90527    0.00000    1     1     1
   2    0    1   2.499086    -0.000000     0.000000   3.3441e-15   35.90527    0.00000    1     1     1
   2    0   -1   2.499086    -0.000000    -0.000000  3.46305e-15   35.90527    0.00000    1     1     1
   2    1    0   2.499086     0.000000     0.000000  3.73216e-15   35.90527    0.00000    1     1     1
  -2   -1   -1   2.281343     0.000000    -0.000000  1.29215e-15   39.46750    0.00000    1     1     1
  -1   -2   -1   2.281343     0.000000    -0.000000  1.08631e-15   39.46750    0.00000    1     1     1
  -1   -1   -2   2.281343    -0.000000    -0.000000  1.66066e-15   39.46750    0.00000    1     1     1
  -1   -1    2   2.281343    -0.000000     0.000000  1.80088e-15   39.46750    0.00000    1     1     1
  -1    1    2   2.281343    -0.000000     0.000000   1.8786e-15   39.46750    0.00000    1     1     1
  -1    1   -2   2.281343    -0.000000    -0.000000  1.72813e-15   39.46750    0.00000    1     1     1
   1   -2   -1   2.281343     0.000000    -0.000000  1.08473e-15   39.46750    0.00000    1     1     1
   1   -2    1   2.281343     0.000000    -0.000000  1.28889e-15   39.46750    0.00000    1     1     1
  -1    2    1   2.281343     0.000000     0.000000  1.29215e-15   39.46750    0.00000    1     1     1
  -1    2   -1   2.281343     0.000000     0.000000  1.29052e-15   39.46750    0.00000    1     1     1
   1    2    1   2.281343     0.000000     0.000000  1.50426e-15   39.46750    0.00000    1     1     1
   2    1    1   2.281343     0.000000     0.000000  1.29378e-15   39.46750    0.00000    1     1     1
  -2   -1    1   2.281343     0.000000    -0.000000  1.29704e-15   39.46750    0.00000    1     1     1
   1    1   -2   2.281343    -0.000000    -0.000000  1.79971e-15   39.46750    0.00000    1     1     1
   1    1    2   2.281343    -0.000000     0.000000  1.87982e-15   39.46750    0.00000    1     1     1
   1   -1    2   2.281343    -0.000000     0.000000  1.80205e-15   39.46750    0.00000    1     1     1
   1   -1   -2   2.281343    -0.000000    -0.000000  1.72813e-15   39.46750    0.00000    1     1     1
  -2    1   -1   2.281343     0.000000    -0.000000   1.0784e-15   39.46750    0.00000    1     1     1
  -2    1    1   2.281343     0.000000    -0.000000  1.08315e-15   39.46750    0.00000    1     1     1
   1    2   -1   2.281343    -0.000000     0.000000  1.80205e-15   39.46750    0.00000    1     1     1
  -1   -2    1   2.281343    -0.000000    -0.000000  1.79622e-15   39.46750    0.00000    1     1     1
   2    1   -1   2.281343     0.000000     0.000000  1.29867e-15   39.46750    0.00000    1     1     1
   2   -1    1   2.281343     0.000000     0.000000  1.07999e-15   39.46750    0.00000    1     1     1
   2   -1   -1   2.281343     0.000000     0.000000  1.08473e-15   39.46750    0.00000    1     1     1
  -2   -2    0   1.975701    48.569519     3.817228      48.7193   45.89461   32.04212    1     1     1
  -2    0   -2   1.975701    48.569519     3.817228      48.7193   45.89461   32.04212    1     1     1
  -2    2    0   1.975701    48.569519     3.817228      48.7193   45.89461   32.04212    1     1     1
  -2    0    2   1.975701    48.569519     3.817228      48.7193   45.89461   32.04212    1     1     1
   0    2   -2   1.975701    48.569519     3.817228      48.7193   45.89461   32.04212    1     1     1
   0   -2    2   1.975701    48.569519     3.817228      48.7193   45.89461   32.04212    1     1     1
   0   -2   -2   1.975701    48.569519     3.817228      48.7193   45.89461   32.04212    1     1     1
   0    2    2   1.975701    48.569519     3.817228      48.7193   45.89461   32.04212    1     1     1
   2   -2    0   1.975701    48.569519     3.817228      48.7193   45.89461   32.04212    1     1     1
   2    0    2   1.975701    48.569519     3.817228      48.7193   45.89461   32.04212    1     1     1
   2    0   -2   1.975701    48.569519     3.817228      48.7193   45.89461   32.04212    1     1     1
   2    2    0   1.975701    48.569519     3.817228      48.7193   45.89461   32.04212    1     1     1
  -2   -2   -1   1.862709    -0.000000    -0.000000  3.06207e-15   48.85416    0.00000    1     1     1
  -3    0    0   1.862709    -0.000000    -0.000000  8.77074e-15   48.85416    0.00000    1     1     1
  -2    2   -1   1.862709    -0.000000    -0.000000  2.94798e-15   48.85416    0.00000    1     1     1
  -2    2    1   1.862709    -0.000000     0.000000  2.95312e-15   48.85416    0.00000    1     1     1
  -1   -2   -2   1.862709    -0.000000    -0.000000  2.95226e-15   48.85416    0.00000    1     1     1
  -2    1   -2   1.862709    -0.000000     0.000000  2.73295e-15   48.85416    0.00000    1     1     1
  -2    1    2   1.862709    -0.000000     0.000000  2.95312e-15   48.85416    0.00000    1     1     1
  -2   -1   -2   1.862709    -0.000000    -0.000000  3.17196e-15   48.85416    0.00000    1     1     1
  -2   -2    1   1.862709    -0.000000     0.000000  2.84941e-15   48.85416    0.00000    1     1     1
   1   -2    2   1.862709    -0.000000     0.000000  2.95312e-15   48.85416    0.00000    1     1     1
   1    2    2   1.862709    -0.000000     0.000000  2.94369e-15   48.85416    0.00000    1     1     1
   2   -2    1   1.862709    -0.000000     0.000000  2.95312e-15   48.85416    0.00000    1     1     1
   2   -2   -1   1.862709    -0.000000    -0.000000  2.95484e-15   48.85416    0.00000    1     1     1
   2    1    2   1.862709    -0.000000     0.000000  2.95055e-15   48.85416    0.00000    1     1     1
   2   -1    2   1.862709    -0.000000    -0.000000  2.85112e-15   48.85416    0.00000    1     1     1
   2   -1   -2   1.862709    -0.000000    -0.000000  2.95484e-15   48.85416    0.00000    1     1     1
   0    0    3   1.862709    -0.000000     0.000000  8.77593e-15   48.85416    0.00000    1     1     1
   0    3    0   1.862709    -0.000000     0.000000  8.78286e-15   48.85416    0.00000    1     1     1
   1   -2   -2   1.862709    -0.000000     0.000000  3.06207e-15   48.85416    0.00000    1     1     1
   0   -3    0   1.862709    -0.000000    -0.000000  8.77767e-15   48.85416    0.00000    1     1     1
   0    0   -3   1.862709    -0.000000    -0.000000  8.77767e-15   48.85416    0.00000    1     1     1
  -1    2    2   1.862709    -0.000000    -0.000000  2.85112e-15   48.85416    0.00000    1     1     1
  -1    2   -2   1.862709    -0.000000    -0.000000  2.94798e-15   48.85416    0.00000    1     1     1
   2    2   -1   1.862709    -0.000000    -0.000000  2.84427e-15   48.85416    0.00000    1     1     1
   2    2    1   1.862709    -0.000000     0.000000  3.06722e-15   48.85416    0.00000    1     1     1
   3    0    0   1.862709    -0.000000     0.000000  8.78286e-15   48.85416    0.00000    1     1     1
  -2   -1    2   1.862709    -0.000000    -0.000000   2.9402e-15   48.85416    0.00000    1     1     1
  -1   -2    2   1.862709    -0.000000    -0.000000  3.42025e-15   48.85416    0.00000    1     1     1
   1    2   -2   1.862709    -0.000000     0.000000  3.60186e-15   48.85416    0.00000    1     1     1
   2    1   -2   1.862709    -0.000000     0.000000  2.93848e-15   48.85416    0.00000    1     1     1
  -3   -1    0   1.767121     0.000000     0.000000   1.1189e-16   51.68566    0.00000    1     1     1
  -1    0   -3   1.767121    -0.000000     0.000000  8.95198e-16   51.68566    0.00000    1     1     1
  -1    0    3   1.767121     0.000000    -0.000000  1.10155e-16   51.68566    0.00000    1     1     1
  -1    3    0   1.767121     0.000000     0.000000  8.67362e-19   51.68566    0.00000    1     1     1
  -3    1    0   1.767121     0.000000     0.000000  8.67362e-19   51.68566    0.00000    1     1     1
  -1   -3    0   1.767121     0.000000     0.000000   1.1189e-16   51.68566    0.00000    1     1     1
  -3    0    1   1.767121     0.000000    -0.000000  6.07153e-18   51.68566    0.00000    1     1     1
  -3    0   -1   1.767121    -0.000000     0.000000  8.94358e-16   51.68566    0.00000    1     1     1
   0    3    1   1.767121     0.000000    -0.000000  2.35055e-16   51.68566    0.00000    1     1     1
   1   -3    0   1.767121     0.000000     0.000000  8.67362e-19   51.68566    0.00000    1     1     1
   1    0    3   1.767121     0.000000    -0.000000  8.94983e-16   51.68566    0.00000    1     1     1
   1    0   -3   1.767121     0.000000     0.000000  8.67362e-19   51.68566    0.00000    1     1     1
   3    0   -1   1.767121     0.000000    -0.000000  6.07153e-18   51.68566    0.00000    1     1     1
   3   -1    0   1.767121     0.000000     0.000000   1.1189e-16   51.68566    0.00000    1     1     1
   1    3    0   1.767121     0.000000    -0.000000  1.10155e-16   51.68566    0.00000    1     1     1
   0    1   -3   1.767121     0.000000    -0.000000  2.14238e-16   51.68566    0.00000    1     1     1
   0    1    3   1.767121     0.000000    -0.000000  2.21177e-16   51.68566    0.00000    1     1     1
   0    3   -1   1.767121     0.000000     0.000000  8.67362e-19   51.68566    0.00000    1     1     1
   0   -1   -3   1.767121    -0.000000    -0.000000  3.55272e-15   51.68566    0.00000    1     1     1
   0   -1    3   1.767121     0.000000     0.000000  8.67362e-19   51.68566    0.00000    1     1     1
   0   -3    1   1.767121     0.000000    -0.000000  2.28116e-16   51.68566    0.00000    1     1     1
   0   -3   -1   1.767121    -0.000000     0.000000  3.55272e-15   51.68566    0.00000    1     1     1
   3    0    1   1.767121     0.000000    -0.000000  9.17005e-16   51.68566    0.00000    1     1     1
   3    1    0   1.767121     0.000000     0.000000  8.67362e-19   51.68566    0.00000    1     1     1
  -3   -1    1   1.684884     9.517821     3.544048      10.1562   54.41057    0.94564    1     1     1
  -3   -1   -1   1.684884     9.517821     3.544048      10.1562   54.41057    0.94564    1     1     1
  -1   -3   -1   1.684884     9.517821     3.544048      10.1562   54.41057    0.94564    1     1     1
  -1   -3    1   1.684884     9.517821     3.544048      10.1562   54.41057    0.94564    1     1     1
  -3    1    1   1.684884     9.517821     3.544048      10.1562   54.41057    0.94564    1     1     1
  -3    1   -1   1.684884     9.517821     3.544048      10.1562   54.41057    0.94564    1     1     1
  -1    3   -1   1.684884     9.517821     3.544048      10.1562   54.41057    0.94564    1     1     1
  -1    3    1   1.684884     9.517821     3.544048      10.1562   54.41057    0.94564    1     1     1
   1   -3   -1   1.684884     9.517821     3.544048      10.1562   54.41057    0.94564    1     1     1
  -1    1   -3   1.684884     9.517821     3.544048      10.1562   54.41057    0.94564    1     1     1
  -1    1    3   1.684884     9.517821     3.544048      10.1562   54.41057    0.94564    1     1     1
  -1   -1    3   1.684884     9.517821     3.544048      10.1562   54.41057    0.94564    1     1     1
  -1   -1   -3   1.684884     9.517821     3.544048      10.1562   54.41057    0.94564    1     1     1
   1   -3    1   1.684884     9.517821     3.544048      10.1562   54.41057    0.94564    1     1     1
   1   -1   -3   1.684884     9.517821     3.544048      10.1562   54.41057    0.94564    1     1     1
   1    1   -3   1.684884     9.517821     3.544048      10.1562   54.41057    0.94564    1     1     1
   1   -1    3   1.684884     9.517821     3.544048      10.1562   54.41057    0.94564    1     1     1
   1    3    1   1.684884     9.517821     3.544048      10.1562   54.41057    0.94564    1     1     1
   1    3   -1   1.684884     9.517821     3.544048      10.1562   54.41057    0.94564    1     1     1
   1    1    3   1.684884     9.517821     3.544048      10.1562   54.41057    0.94564    1     1     1
   3   -1   -1   1.684884     9.517821     3.544048      10.1562   54.41057    0.94564    1     1     1
   3   -1    1   1.684884     9.517821     3.544048      10.1562   54.41057    0.94564    1     1     1
   3    1    1   1.684884     9.517821     3.544048      10.1562   54.41057    0.94564    1     1     1
   3    1   -1   1.684884     9.517821     3.544048      10.1562   54.41057    0.94564    1     1     1
  -2   -2   -2   1.613153    42.369029     3.817228      42.5406   57.04566   14.90226    1     1     1
  -2    2   -2   1.613153    42.369029     3.817228      42.5406   57.04566   14.90226    1     1     1
  -2    2    2   1.613153    42.369029     3.817228      42.5406   57.04566   14.90226    1     1     1
   2   -2   -2   1.613153    42.369029     3.817228      42.5406   57.04566   14.90226    1     1     1
   2   -2    2   1.613153    42.369029     3.817228      42.5406   57.04566   14.90226    1     1     1
   2    2    2   1.613153    42.369029     3.817228      42.5406   57.04566   14.90226    1     1     1
  -2   -2    2   1.613153    42.369029     3.817228      42.5406   57.04566   14.90226    1     1     1
   2    2   -2   1.613153    42.369029     3.817228      42.5406   57.04566   14.90226    1     1     1
  -3    0   -2   1.549867    -0.000000    -0.000000  8.00158e-15   59.60436    0.00000    1     1     1
  -3    0    2   1.549867    -0.000000    -0.000000  7.34304e-15   59.60436    0.00000    1     1     1
  -3   -2    0   1.549867     0.000000    -0.000000  7.80405e-15   59.60436    0.00000    1     1     1
  -2    3    0   1.549867     0.000000     0.000000  7.51102e-15   59.60436    0.00000    1     1     1
   0   -3   -2   1.549867     0.000000    -0.000000   7.8858e-15   59.60436    0.00000    1     1     1
   0   -3    2   1.549867     0.000000    -0.000000  7.51274e-15   59.60436    0.00000    1     1     1
  -2    0   -3   1.549867     0.000000    -0.000000  7.72792e-15   59.60436    0.00000    1     1     1
  -2    0    3   1.549867     0.000000     0.000000  7.51102e-15   59.60436    0.00000    1     1     1
  -2   -3    0   1.549867     0.000000    -0.000000  7.79462e-15   59.60436    0.00000    1     1     1
  -3    2    0   1.549867    -0.000000    -0.000000   7.4524e-15   59.60436    0.00000    1     1     1
   2    0   -3   1.549867     0.000000    -0.000000  7.50586e-15   59.60436    0.00000    1     1     1
   2    0    3   1.549867     0.000000     0.000000  7.66855e-15   59.60436    0.00000    1     1     1
   3   -2    0   1.549867    -0.000000     0.000000  7.45069e-15   59.60436    0.00000    1     1     1
   2    3    0   1.549867     0.000000     0.000000  7.69153e-15   59.60436    0.00000    1     1     1
   3    2    0   1.549867    -0.000000     0.000000  7.89029e-15   59.60436    0.00000    1     1     1
   3    0    2   1.549867    -0.000000     0.000000  7.99987e-15   59.60436    0.00000    1     1     1
   3    0   -2   1.549867    -0.000000     0.000000  7.56009e-15   59.60436    0.00000    1     1     1
   0    3   -2   1.549867     0.000000     0.000000  7.51102e-15   59.60436    0.00000    1     1     1
   0    3    2   1.549867     0.000000     0.000000  7.72619e-15   59.60436    0.00000    1     1     1
   2   -3    0   1.549867     0.000000    -0.000000  7.50586e-15   59.60436    0.00000    1     1     1
   0    2   -3   1.549867     0.000000    -0.000000  7.50586e-15   59.60436    0.00000    1     1     1
   0    2    3   1.549867     0.000000     0.000000  7.66855e-15   59.60436    0.00000    1     1     1
   0   -2    3   1.549867     0.000000     0.000000  7.51102e-15   59.60436    0.00000    1     1     1
   0   -2   -3   1.549867     0.000000    -0.000000  7.72103e-15   59.60436    0.00000    1     1     1
  -3   -2   -1   1.493490     0.000000    -0.000000  1.54192e-15   62.09768    0.00000    1     1     1
  -3   -2    1   1.493490     0.000000    -0.000000  1.53503e-15   62.09768    0.00000    1     1     1
  -1   -3   -2   1.493490    -0.000000    -0.000000  1.25576e-15   62.09768    0.00000    1     1     1
  -3   -1   -2   1.493490     0.000000    -0.000000  1.34384e-15   62.09768    0.00000    1     1     1
   3    2   -1   1.493490    -0.000000     0.000000  1.36674e-15   62.09768    0.00000    1     1     1
   3    1    2   1.493490    -0.000000     0.000000  1.26435e-15   62.09768    0.00000    1     1     1
   1    3    2   1.493490    -0.000000     0.000000  1.37449e-15   62.09768    0.00000    1     1     1
   3    2    1   1.493490    -0.000000     0.000000  1.26435e-15   62.09768    0.00000    1     1     1
  -2   -3    1   1.493490     0.000000    -0.000000  1.36605e-15   62.09768    0.00000    1     1     1
  -2   -1   -3   1.493490     0.000000    -0.000000  1.27115e-15   62.09768    0.00000    1     1     1
  -2    1   -3   1.493490     0.000000    -0.000000  1.48942e-15   62.09768    0.00000    1     1     1
  -2   -1    3   1.493490     0.000000    -0.000000  8.37486e-16   62.09768    0.00000    1     1     1
  -2    3    1   1.493490     0.000000    -0.000000  1.16114e-15   62.09768    0.00000    1     1     1
  -2    3   -1   1.493490     0.000000    -0.000000  9.44993e-16   62.09768    0.00000    1     1     1
  -2    1    3   1.493490     0.000000    -0.000000  1.16114e-15   62.09768    0.00000    1     1     1
  -1    2    3   1.493490    -0.000000     0.000000  1.51128e-15   62.09768    0.00000    1     1     1
  -1    3   -2   1.493490    -0.000000    -0.000000  1.31487e-15   62.09768    0.00000    1     1     1
  -1    3    2   1.493490    -0.000000     0.000000  2.06761e-15   62.09768    0.00000    1     1     1
  -1   -2    3   1.493490     0.000000    -0.000000  1.05323e-15   62.09768    0.00000    1     1     1
  -1    2   -3   1.493490    -0.000000     0.000000  1.31562e-15   62.09768    0.00000    1     1     1
  -1   -2   -3   1.493490     0.000000    -0.000000  1.27115e-15   62.09768    0.00000    1     1     1
  -1   -3    2   1.493490    -0.000000     0.000000   1.3216e-15   62.09768    0.00000    1     1     1
  -3   -1    2   1.493490    -0.000000     0.000000   1.3216e-15   62.09768    0.00000    1     1     1
  -3    1    2   1.493490    -0.000000     0.000000  1.32235e-15   62.09768    0.00000    1     1     1
  -3    1   -2   1.493490     0.000000    -0.000000  1.37289e-15   62.09768    0.00000    1     1     1
  -2   -3   -1   1.493490     0.000000    -0.000000  1.16199e-15   62.09768    0.00000    1     1     1
  -3    2    1   1.493490     0.000000     0.000000  1.05493e-15   62.09768    0.00000    1     1     1
  -3    2   -1   1.493490    -0.000000     0.000000  1.31562e-15   62.09768    0.00000    1     1     1
   1   -3   -2   1.493490     0.000000    -0.000000  1.37289e-15   62.09768    0.00000    1     1     1
   1   -3    2   1.493490    -0.000000     0.000000  1.32235e-15   62.09768    0.00000    1     1     1
   1   -2    3   1.493490     0.000000    -0.000000  1.59108e-15   62.09768    0.00000    1     1     1
   1   -2   -3   1.493490     0.000000    -0.000000  1.75698e-15   62.09768    0.00000    1     1     1
   1    3   -2   1.493490     0.000000    -0.000000  1.15433e-15   62.09768    0.00000    1     1     1
   2   -3   -1   1.493490     0.000000     0.000000  1.36776e-15   62.09768    0.00000    1     1     1
   1    2    3   1.493490     0.000000     0.000000  1.26602e-15   62.09768    0.00000    1     1     1
   1    2   -3   1.493490     0.000000     0.000000  1.04814e-15   62.09768    0.00000    1     1     1
   2    1    3   1.493490     0.000000     0.000000  1.25919e-15   62.09768    0.00000    1     1     1
   2    3   -1   1.493490    -0.000000     0.000000  2.21043e-15   62.09768    0.00000    1     1     1
   2    3    1   1.493490    -0.000000     0.000000  1.92074e-15   62.09768    0.00000    1     1     1
   2   -1    3   1.493490     0.000000     0.000000  1.47742e-15   62.09768    0.00000    1     1     1
   2    1   -3   1.493490     0.000000     0.000000  1.04136e-15   62.09768    0.00000    1     1     1
   2   -1   -3   1.493490     0.000000     0.000000  1.36776e-15   62.09768    0.00000    1     1     1
   2   -3    1   1.493490     0.000000     0.000000   9.4668e-16   62.09768    0.00000    1     1     1
   3   -2   -1   1.493490     0.000000    -0.000000  1.16199e-15   62.09768    0.00000    1     1     1
   3   -2    1   1.493490     0.000000    -0.000000  1.58612e-15   62.09768    0.00000    1     1     1
   3   -1    2   1.493490    -0.000000     0.000000  2.06761e-15   62.09768    0.00000    1     1     1
   3   -1   -2   1.493490    -0.000000    -0.000000  1.31487e-15   62.09768    0.00000    1     1     1
   3    1   -2   1.493490     0.000000    -0.000000  1.15433e-15   62.09768    0.00000    1     1     1
   0   -4    0   1.397032    37.798010     3.817228      37.9903   66.92345    8.35701    1     1     1
  -4    0    0   1.397032    37.798010     3.817228      37.9903   66.92345    8.35701    1     1     1
   0    0   -4   1.397032    37.798010     3.817228      37.9903   66.92345    8.35701    1     1     1
   0    0    4   1.397032    37.798010     3.817228      37.9903   66.92345    8.35701    1     1     1
   4    0    0   1.397032    37.798010     3.817228      37.9903   66.92345    8.35701    1     1     1
   0    4    0   1.397032    37.798010     3.817228      37.9903   66.92345    8.35701    1     1     1
  -2   -3   -2   1.355320     0.000000    -0.000000  6.74027e-15   69.27039    0.00000    1     1     1
  -3   -2    2   1.355320     0.000000    -0.000000  6.72899e-15   69.27039    0.00000    1     1     1
  -3   -2   -2   1.355320     0.000000    -0.000000  7.18436e-15   69.27039    0.00000    1     1     1
  -2   -2   -3   1.355320     0.000000    -0.000000  6.84435e-15   69.27039    0.00000    1     1     1
  -2    2   -3   1.355320     0.000000    -0.000000  6.75055e-15   69.27039    0.00000    1     1     1
   2   -2   -3   1.355320     0.000000    -0.000000  6.75055e-15   69.27039    0.00000    1     1     1
  -2    2    3   1.355320    -0.000000     0.000000  7.08267e-15   69.27039    0.00000    1     1     1
   2    3    2   1.355320    -0.000000     0.000000  6.90002e-15   69.27039    0.00000    1     1     1
   3    2   -2   1.355320    -0.000000     0.000000  6.89572e-15   69.27039    0.00000    1     1     1
   2    2    3   1.355320    -0.000000     0.000000   6.9069e-15   69.27039    0.00000    1     1     1
   2   -2    3   1.355320    -0.000000     0.000000  6.86472e-15   69.27039    0.00000    1     1     1
   3    2    2   1.355320    -0.000000     0.000000  6.68676e-15   69.27039    0.00000    1     1     1
  -2   -3    2   1.355320     0.000000    -0.000000  6.75443e-15   69.27039    0.00000    1     1     1
  -2   -2    3   1.355320    -0.000000     0.000000  6.63803e-15   69.27039    0.00000    1     1     1
  -2    3    2   1.355320    -0.000000     0.000000   7.0059e-15   69.27039    0.00000    1     1     1
  -2    3   -2   1.355320     0.000000     0.000000  6.73096e-15   69.27039    0.00000    1     1     1
  -1    0    4   1.355320     0.000000    -0.000000  3.01164e-15   69.27039    0.00000    1     1     1
  -1    0   -4   1.355320     0.000000    -0.000000  3.18507e-15   69.27039    0.00000    1     1     1
  -1   -4    0   1.355320     0.000000    -0.000000  3.00614e-15   69.27039    0.00000    1     1     1
   0   -1    4   1.355320     0.000000    -0.000000  2.16911e-15   69.27039    0.00000    1     1     1
   0    1   -4   1.355320     0.000000     0.000000   2.3963e-15   69.27039    0.00000    1     1     1
   0    1    4   1.355320     0.000000     0.000000  2.17432e-15   69.27039    0.00000    1     1     1
   0   -4    1   1.355320    -0.000000     0.000000  2.31744e-15   69.27039    0.00000    1     1     1
   0   -1   -4   1.355320     0.000000    -0.000000  2.16911e-15   69.27039    0.00000    1     1     1
   0   -4   -1   1.355320     0.000000    -0.000000  2.33354e-15   69.27039    0.00000    1     1     1
  -1    4    0   1.355320     0.000000    -0.000000  3.01164e-15   69.27039    0.00000    1     1     1
  -4   -1    0   1.355320     0.000000    -0.000000  2.22521e-15   69.27039    0.00000    1     1     1
  -4    0    1   1.355320    -0.000000     0.000000  2.31744e-15   69.27039    0.00000    1     1     1
  -4    0   -1   1.355320    -0.000000    -0.000000  2.31231e-15   69.27039    0.00000    1     1     1
  -3    2    2   1.355320     0.000000    -0.000000  7.19172e-15   69.27039    0.00000    1     1     1
  -3    2   -2   1.355320     0.000000    -0.000000  7.20179e-15   69.27039    0.00000    1     1     1
  -4    1    0   1.355320     0.000000     0.000000   2.3963e-15   69.27039    0.00000    1     1     1
   0    4   -1   1.355320     0.000000    -0.000000  2.33354e-15   69.27039    0.00000    1     1     1
   0    4    1   1.355320     0.000000     0.000000  2.33862e-15   69.27039    0.00000    1     1     1
   1    0   -4   1.355320     0.000000     0.000000  2.68169e-15   69.27039    0.00000    1     1     1
   1   -4    0   1.355320     0.000000     0.000000   2.8479e-15   69.27039    0.00000    1     1     1
   2   -3   -2   1.355320     0.000000    -0.000000  6.73616e-15   69.27039    0.00000    1     1     1
   2   -3    2   1.355320     0.000000    -0.000000  6.73269e-15   69.27039    0.00000    1     1     1
   1    4    0   1.355320     0.000000     0.000000  2.75862e-15   69.27039    0.00000    1     1     1
   1    0    4   1.355320     0.000000     0.000000  2.67663e-15   69.27039    0.00000    1     1     1
   4   -1    0   1.355320     0.000000    -0.000000  2.16911e-15   69.27039    0.00000    1     1     1
   4    0   -1   1.355320     0.000000    -0.000000  2.33354e-15   69.27039    0.00000    1     1     1
   4    0    1   1.355320     0.000000     0.000000  2.12223e-15   69.27039    0.00000    1     1     1
   3   -2   -2   1.355320     0.000000     0.000000  6.76156e-15   69.27039    0.00000    1     1     1
   3   -2    2   1.355320     0.000000     0.000000   6.9856e-15   69.27039    0.00000    1     1     1
   2    3   -2   1.355320    -0.000000     0.000000  6.84931e-15   69.27039    0.00000    1     1     1
   2    2   -3   1.355320     0.000000    -0.000000   6.8617e-15   69.27039    0.00000    1     1     1
   4    1    0   1.355320    -0.000000     0.000000  2.31744e-15   69.27039    0.00000    1     1     1
  -1   -1   -4   1.317134     0.000000    -0.000000  2.48254e-15   71.58148    0.00000    1     1     1
  -1   -1    4   1.317134     0.000000     0.000000  2.87822e-15   71.58148    0.00000    1     1     1
  -1    1    4   1.317134    -0.000000     0.000000  2.38662e-15   71.58148    0.00000    1     1     1
  -1    1   -4   1.317134     0.000000    -0.000000  2.38131e-15   71.58148    0.00000    1     1     1
   1   -4   -1   1.317134     0.000000    -0.000000   2.3221e-15   71.58148    0.00000    1     1     1
  -1    4    1   1.317134     0.000000     0.000000  2.31693e-15   71.58148    0.00000    1     1     1
  -1    4   -1   1.317134     0.000000     0.000000  2.53579e-15   71.58148    0.00000    1     1     1
  -4    1    1   1.317134    -0.000000    -0.000000  2.52737e-15   71.58148    0.00000    1     1     1
  -1   -4   -1   1.317134     0.000000    -0.000000  2.30757e-15   71.58148    0.00000    1     1     1
  -1   -4    1   1.317134     0.000000    -0.000000  2.31004e-15   71.58148    0.00000    1     1     1
  -4   -1    1   1.317134    -0.000000    -0.000000  2.40836e-15   71.58148    0.00000    1     1     1
  -4    1   -1   1.317134    -0.000000    -0.000000  2.52264e-15   71.58148    0.00000    1     1     1
  -4   -1   -1   1.317134    -0.000000    -0.000000  2.19122e-15   71.58148    0.00000    1     1     1
   1   -4    1   1.317134     0.000000    -0.000000  2.31348e-15   71.58148    0.00000    1     1     1
   1   -1   -4   1.317134     0.000000    -0.000000  2.58341e-15   71.58148    0.00000    1     1     1
   1    1   -4   1.317134     0.000000    -0.000000  2.57568e-15   71.58148    0.00000    1     1     1
   1   -1    4   1.317134    -0.000000     0.000000  2.48738e-15   71.58148    0.00000    1     1     1
   1    4    1   1.317134    -0.000000     0.000000  2.19987e-15   71.58148    0.00000    1     1     1
   1    4   -1   1.317134    -0.000000     0.000000  2.41701e-15   71.58148    0.00000    1     1     1
   1    1    4   1.317134    -0.000000     0.000000  2.27696e-15   71.58148    0.00000    1     1     1
   4   -1   -1   1.317134    -0.000000     0.000000  2.73233e-15   71.58148    0.00000    1     1     1
   4   -1    1   1.317134    -0.000000     0.000000  2.53683e-15   71.58148    0.00000    1     1     1
   4    1    1   1.317134    -0.000000     0.000000  3.09459e-15   71.58148    0.00000    1     1     1
   4    1   -1   1.317134    -0.000000     0.000000  3.10202e-15   71.58148    0.00000    1     1     1
  -3   -3    0   1.317134     0.000000     0.000000  2.22182e-16   71.58148    0.00000    1     1     1
  -3    0   -3   1.317134    -0.000000     0.000000  6.66134e-16   71.58148    0.00000    1     1     1
  -3    0    3   1.317134     0.000000     0.000000   1.1317e-15   71.58148    0.00000    1     1     1
  -3    3    0   1.317134     0.000000     0.000000   1.1162e-15   71.58148    0.00000    1     1     1
   0   -3   -3   1.317134    -0.000000    -0.000000  2.45312e-15   71.58148    0.00000    1     1     1
   0    3   -3   1.317134    -0.000000    -0.000000  6.66139e-16   71.58148    0.00000    1     1     1
   0   -3    3   1.317134    -0.000000     0.000000  7.01348e-16   71.58148    0.00000    1     1     1
   3    0   -3   1.317134     0.000000     0.000000   1.1317e-15   71.58148    0.00000    1     1     1
   3   -3    0   1.317134     0.000000     0.000000  1.13307e-15   71.58148    0.00000    1     1     1
   0    3    3   1.317134    -0.000000     0.000000  7.02441e-16   71.58148    0.00000    1     1     1
   3    0    3   1.317134     0.000000     0.000000  1.13103e-15   71.58148    0.00000    1     1     1
   3    3    0   1.317134     0.000000     0.000000  2.02611e-15   71.58148    0.00000    1     1     1
  -3   -3    1   1.282004     9.339212     3.544048      9.98905   73.86191    0.47416    1     1     1
  -3   -3   -1   1.282004     9.339212     3.544048      9.98905   73.86191    0.47416    1     1     1
  -3    1   -3   1.282004     9.339212     3.544048      9.98905   73.86191    0.47416    1     1     1
  -3   -1    3   1.282004     9.339212     3.544048      9.98905   73.86191    0.47416    1     1     1
  -3   -1   -3   1.282004     9.339212     3.544048      9.98905   73.86191    0.47416    1     1     1
  -3    1    3   1.282004     9.339212     3.544048      9.98905   73.86191    0.47416    1     1     1
  -3    3   -1   1.282004     9.339212     3.544048      9.98905   73.86191    0.47416    1     1     1
  -1   -3   -3   1.282004     9.339212     3.544048      9.98905   73.86191    0.47416    1     1     1
  -3    3    1   1.282004     9.339212     3.544048      9.98905   73.86191    0.47416    1     1     1
  -1    3    3   1.282004     9.339212     3.544048      9.98905   73.86191    0.47416    1     1     1
   1   -3   -3   1.282004     9.339212     3.544048      9.98905   73.86191    0.47416    1     1     1
  -1    3   -3   1.282004     9.339212     3.544048      9.98905   73.86191    0.47416    1     1     1
  -1   -3    3   1.282004     9.339212     3.544048      9.98905   73.86191    0.47416    1     1     1
   3   -3    1   1.282004     9.339212     3.544048      9.98905   73.86191    0.47416    1     1     1
   3   -1   -3   1.282004     9.339212     3.544048      9.98905   73.86191    0.47416    1     1     1
   3   -1    3   1.282004     9.339212     3.544048      9.98905   73.86191    0.47416    1     1     1
   1    3    3   1.282004     9.339212     3.544048      9.98905   73.86191    0.47416    1     1     1
   3   -3   -1   1.282004     9.339212     3.544048      9.98905   73.86191    0.47416    1     1     1
   1    3   -3   1.282004     9.339212     3.544048      9.98905   73.86191    0.47416    1     1     1
   1   -3    3   1.282004     9.339212     3.544048      9.98905   73.86191    0.47416    1     1     1
   3    1   -3   1.282004     9.339212     3.544048      9.98905   73.86191    0.47416    1     1     1
   3    1    3   1.282004     9.339212     3.544048      9.98905   73.86191    0.47416    1     1     1
   3    3    1   1.282004     9.339212     3.544048      9.98905   73.86191    0.47416    1     1     1
   3    3   -1   1.282004     9.339212     3.544048      9.98905   73.86191    0.47416    1     1     1
  -4    2    0   1.249543    34.296383     3.817228      34.5082   76.11636    5.35791    1     1     1
  -2   -4    0   1.249543    34.296383     3.817228      34.5082   76.11636    5.35791    1     1     1
  -2    0    4   1.249543    34.296383     3.817228      34.5082   76.11636    5.35791    1     1     1
  -2    0   -4   1.249543    34.296383     3.817228      34.5082   76.11636    5.35791    1     1     1
   0   -4    2   1.249543    34.296383     3.817228      34.5082   76.11636    5.35791    1     1     1
   0   -4   -2   1.249543    34.296383     3.817228      34.5082   76.11636    5.35791    1     1     1
  -2    4    0   1.249543    34.296383     3.817228      34.5082   76.11636    5.35791    1     1     1
  -4   -2    0   1.249543    34.296383     3.817228      34.5082   76.11636    5.35791    1     1     1
  -4    0   -2   1.249543    34.296383     3.817228      34.5082   76.11636    5.35791    1     1     1
  -4    0    2   1.249543    34.296383     3.817228      34.5082   76.11636    5.35791    1     1     1
   0   -2   -4   1.249543    34.296383     3.817228      34.5082   76.11636    5.35791    1     1     1
   0   -2    4   1.249543    34.296383     3.817228      34.5082   76.11636    5.35791    1     1     1
   0    2    4   1.249543    34.296383     3.817228      34.5082   76.11636    5.35791    1     1     1
   0    2   -4   1.249543    34.296383     3.817228      34.5082   76.11636    5.35791    1     1     1
   2   -4    0   1.249543    34.296383     3.817228      34.5082   76.11636    5.35791    1     1     1
   2    0   -4   1.249543    34.296383     3.817228      34.5082   76.11636    5.35791    1     1     1
   0    4    2   1.249543    34.296383     3.817228      34.5082   76.11636    5.35791    1     1     1
   0    4   -2   1.249543    34.296383     3.817228      34.5082   76.11636    5.35791    1     1     1
   2    0    4   1.249543    34.296383     3.817228      34.5082   76.11636    5.35791    1     1     1
   2    4    0   1.249543    34.296383     3.817228      34.5082   76.11636    5.35791    1     1     1
   4    0   -2   1.249543    34.296383     3.817228      34.5082   76.11636    5.35791    1     1     1
   4   -2    0   1.249543    34.296383     3.817228      34.5082   76.11636    5.35791    1     1     1
   4    0    2   1.249543    34.296383     3.817228      34.5082   76.11636    5.35791    1     1     1
   4    2    0   1.249543    34.296383     3.817228      34.5082   76.11636    5.35791    1     1     1
  -4   -2    1   1.219429    -0.000000     0.000000  2.47585e-15   78.34908    0.00000    1     1     1
  -4   -1   -2   1.219429     0.000000    -0.000000  2.09618e-15   78.34908    0.00000    1     1     1
  -2   -4   -1   1.219429    -0.000000    -0.000000  2.05397e-15   78.34908    0.00000    1     1     1
  -4    1   -2   1.219429     0.000000     0.000000  2.09321e-15   78.34908    0.00000    1     1     1
  -2   -1    4   1.219429     0.000000    -0.000000  1.98323e-15   78.34908    0.00000    1     1     1
  -2   -1   -4   1.219429     0.000000    -0.000000  1.98752e-15   78.34908    0.00000    1     1     1
  -2   -4    1   1.219429    -0.000000     0.000000  2.65599e-15   78.34908    0.00000    1     1     1
  -1   -4   -2   1.219429     0.000000    -0.000000  2.62397e-15   78.34908    0.00000    1     1     1
  -1   -2   -4   1.219429     0.000000    -0.000000  1.89567e-15   78.34908    0.00000    1     1     1
  -1   -2    4   1.219429     0.000000    -0.000000  2.19665e-15   78.34908    0.00000    1     1     1
  -2    4   -1   1.219429    -0.000000    -0.000000  2.16272e-15   78.34908    0.00000    1     1     1
  -2    4    1   1.219429    -0.000000     0.000000   2.0606e-15   78.34908    0.00000    1     1     1
  -2    1   -4   1.219429     0.000000     0.000000  2.09321e-15   78.34908    0.00000    1     1     1
  -2    1    4   1.219429     0.000000     0.000000  1.87765e-15   78.34908    0.00000    1     1     1
  -4   -2   -1   1.219429    -0.000000    -0.000000  2.05397e-15   78.34908    0.00000    1     1     1
  -1    2   -4   1.219429     0.000000    -0.000000  1.99393e-15   78.34908    0.00000    1     1     1
  -1    2    4   1.219429     0.000000    -0.000000  2.20484e-15   78.34908    0.00000    1     1     1
   1   -4   -2   1.219429     0.000000     0.000000  2.30839e-15   78.34908    0.00000    1     1     1
  -1    4    2   1.219429     0.000000    -0.000000  2.19174e-15   78.34908    0.00000    1     1     1
   1    2   -4   1.219429     0.000000     0.000000  2.09048e-15   78.34908    0.00000    1     1     1
   1    2    4   1.219429     0.000000     0.000000  2.19255e-15   78.34908    0.00000    1     1     1
   1   -2    4   1.219429     0.000000     0.000000  2.20075e-15   78.34908    0.00000    1     1     1
   1   -2   -4   1.219429     0.000000     0.000000   1.9818e-15   78.34908    0.00000    1     1     1
   2   -1    4   1.219429     0.000000    -0.000000  2.92066e-15   78.34908    0.00000    1     1     1
   2    1   -4   1.219429     0.000000     0.000000  2.09149e-15   78.34908    0.00000    1     1     1
   2    1    4   1.219429     0.000000     0.000000  2.38207e-15   78.34908    0.00000    1     1     1
   2   -4    1   1.219429    -0.000000     0.000000   2.0548e-15   78.34908    0.00000    1     1     1
   2   -1   -4   1.219429     0.000000    -0.000000  2.39115e-15   78.34908    0.00000    1     1     1
   2   -4   -1   1.219429     0.000000    -0.000000  1.98237e-15   78.34908    0.00000    1     1     1
   1    4    2   1.219429    -0.000000     0.000000  1.86966e-15   78.34908    0.00000    1     1     1
   2    4   -1   1.219429     0.000000    -0.000000  1.98494e-15   78.34908    0.00000    1     1     1
   2    4    1   1.219429     0.000000     0.000000   1.9858e-15   78.34908    0.00000    1     1     1
   4    1    2   1.219429     0.000000     0.000000  2.54124e-15   78.34908    0.00000    1     1     1
   4   -1    2   1.219429     0.000000    -0.000000   2.9256e-15   78.34908    0.00000    1     1     1
   4    2   -1   1.219429     0.000000    -0.000000  1.98494e-15   78.34908    0.00000    1     1     1
   4    2    1   1.219429     0.000000     0.000000  2.20589e-15   78.34908    0.00000    1     1     1
  -4    2    1   1.219429     0.000000     0.000000   2.0116e-15   78.34908    0.00000    1     1     1
  -4    2   -1   1.219429     0.000000    -0.000000  2.12766e-15   78.34908    0.00000    1     1     1
  -1   -4    2   1.219429     0.000000    -0.000000  1.96978e-15   78.34908    0.00000    1     1     1
  -4    1    2   1.219429     0.000000     0.000000  2.22871e-15   78.34908    0.00000    1     1     1
   1    4   -2   1.219429     0.000000     0.000000  1.96804e-15   78.34908    0.00000    1     1     1
   1   -4    2   1.219429     0.000000     0.000000  2.07299e-15   78.34908    0.00000    1     1     1
  -1    4   -2   1.219429     0.000000    -0.000000  2.18575e-15   78.34908    0.00000    1     1     1
  -4   -1    2   1.219429     0.000000    -0.000000  2.16076e-15   78.34908    0.00000    1     1     1
   4   -2   -1   1.219429     0.000000    -0.000000  2.12172e-15   78.34908    0.00000    1     1     1
   4   -2    1   1.219429     0.000000     0.000000  2.12597e-15   78.34908    0.00000    1     1     1
   4    1   -2   1.219429     0.000000     0.000000  1.96804e-15   78.34908    0.00000    1     1     1
   4   -1   -2   1.219429     0.000000    -0.000000  2.02006e-15   78.34908    0.00000    1     1     1
  -3   -3   -2   1.191393    -0.000000    -0.000000  1.10884e-15   80.56399    0.00000    1     1     1
   3    3    2   1.191393    -0.000000     0.000000  1.10468e-15   80.56399    0.00000    1     1     1
  -3   -2   -3   1.191393     0.000000    -0.000000  1.19368e-15   80.56399    0.00000    1     1     1
  -3    3    2   1.191393    -0.000000     0.000000  1.48844e-15   80.56399    0.00000    1     1     1
  -2   -3   -3   1.191393     0.000000    -0.000000  1.01177e-15   80.56399    0.00000    1     1     1
  -3    2    3   1.191393    -0.000000     0.000000  1.01596e-15   80.56399    0.00000    1     1     1
  -3   -2    3   1.191393     0.000000    -0.000000  1.18721e-15   80.56399    0.00000    1     1     1
  -2   -3    3   1.191393    -0.000000    -0.000000  1.00749e-15   80.56399    0.00000    1     1     1
  -3    2   -3   1.191393    -0.000000     0.000000  1.00834e-15   80.56399    0.00000    1     1     1
  -3   -3    2   1.191393    -0.000000     0.000000  1.55909e-15   80.56399    0.00000    1     1     1
   2    3   -3   1.191393    -0.000000     0.000000  1.49307e-15   80.56399    0.00000    1     1     1
   3    2    3   1.191393    -0.000000     0.000000   1.0168e-15   80.56399    0.00000    1     1     1
   3    2   -3   1.191393    -0.000000     0.000000  1.01596e-15   80.56399    0.00000    1     1     1
   3    3   -2   1.191393     0.000000    -0.000000  1.28582e-15   80.56399    0.00000    1     1     1
   2   -3    3   1.191393    -0.000000     0.000000  2.34157e-15   80.56399    0.00000    1     1     1
   2   -3   -3   1.191393    -0.000000     0.000000  1.64918e-15   80.56399    0.00000    1     1     1
   3   -2    3   1.191393     0.000000    -0.000000  1.83846e-15   80.56399    0.00000    1     1     1
   3   -3    2   1.191393    -0.000000     0.000000  1.01596e-15   80.56399    0.00000    1     1     1
   3   -2   -3   1.191393     0.000000    -0.000000  1.19296e-15   80.56399    0.00000    1     1     1
   3   -3   -2   1.191393    -0.000000    -0.000000  1.02104e-15   80.56399    0.00000    1     1     1
  -2    3   -3   1.191393    -0.000000    -0.000000  1.00749e-15   80.56399    0.00000    1     1     1
   2    3    3   1.191393    -0.000000     0.000000  2.23428e-15   80.56399    0.00000    1     1     1
  -2    3    3   1.191393    -0.000000    -0.000000  1.63767e-15   80.56399    0.00000    1     1     1
  -3    3   -2   1.191393    -0.000000    -0.000000  1.01426e-15   80.56399    0.00000    1     1     1
