   h    k    l      d (Å)      F(real)      F(imag)          |F|         2θ          I    M ID(λ) Phase
   0    0    3   4.751167   -49.854084    -5.240046      50.1287   18.66085  100.00000    2     1     1
   1    0    1   2.439352   -34.609591    -5.140172      34.9892   36.81570   34.64701    6     1     1
   0    0    6   2.375583    17.968689     5.061267      18.6679   37.84098    3.09442    2     1     1
   0    1    2   2.338765    16.699482     5.050913      17.4466   38.45991    7.82276    6     1     1
   1    0    4   2.033262    73.180096     5.388548      73.3782   44.52463   99.77100    6     1     1
   0    1    5   1.869283   -25.284088    -5.045364      25.7826   48.67128   10.06821    6     1     1
   0    0    9   1.583722   -18.921137    -4.956849      19.5596   58.20632    1.28623    2     1     1
   1    0    7   1.572671   -36.179909    -5.096345      36.5371   58.65506   13.23339    6     1     1
   0    1    8   1.446163    54.545761     5.249286      54.7978   64.36917   24.22503    6     1     1
   1    1    0   1.429450    55.523155     5.257603      55.7715   65.21432   24.39613    6     1     1
   1    1    3   1.368839   -28.494800    -4.998057      28.9298   68.49058   11.83710   12     1     1
   1    0   10   1.235274    16.727587     4.839708      17.4136   77.15658    1.70818    6     1     1
   0    2    1   1.233297   -22.616960    -4.903346      23.1424   77.30317    3.00723    6     1     1
   1    1    6   1.224810    15.337818     4.820514      16.0775   77.93967    2.86304   12     1     1
   2    0    2   1.219676    14.640450     4.810794      15.4106   78.33035    1.30440    6     1     1
   0    0   12   1.187792    42.867769     5.110410      43.1713   80.85893    3.24658    2     1     1
   0    2    4   1.169383    44.511534     5.125896      44.8057   82.40475   10.20972    6     1     1
   0    1   11   1.148049   -29.778692    -4.955281      30.1882   84.28259    4.49915    6     1     1
